                     6664         66664       
        66666664     6664        6666664      
      66664  666666666664       6664 6664     
      6664    6664   6664   666664     666664 
      6664    66666666664                     
        66666664     6664  6666666666666666664
                     6664                     
         6664               66664       66664 
         6664               66666666666666664 
         6664               66664       66664
         6666666666666664   66666666666666664 