
                                                                       111111                                                                                                         
                                                                      11    11                                                                                                        
                                                                      11     11                               1111111                                                                 
                                                                      11     11                              11      1                                                                
                                                                       11   11                              111       1                                    1111111                    
                                                                      11   11                               111       11                                 1111     11                  
                                                                     11   1                                  11       11                                 111       11                 
                                                                     11  11                                   11     11                                 111         11                
                                                                      11  11                                  11    11                                  111         111               
                                                                       11 11                                 11    11                                    111        111               
                                                                      11 11                                 11    11                                      11        11                
                                                                      1111                                  11   11                                        11      111                
                                                                        11                                  11    11                                      11      111                 
                                                           11111111111                                        1    1                                      11     11                   
                                                       1111        1111111                                    11  11                                     11    111    
                                                     11                  111                                 11  11                                     11     11                     
                                                   11                      11                                1  11                                      11     11 
                                                  1                          1                               1111                                       11     11  
                                                 11               11 11       11                                11                                       11     11
                                                11     111111      111    1    1                                                                           1    11
                                 11111          11     1111111    11 11    1    1                 111111111111111                                        11  111
                           11111       111111111111      111111                 1              11             11111111                                   111  11  
                         1                         11      1111                 11          11                       111                                11  111   
                        1                    11      11  1111111            1   11        11                           111                               11 11    
                       1                        111    11   11111   11 11  1    11       11                              11                                1111   
                       1                        111111       1111    111       111      11                 11   11         1                                                          
           1111111111111                   11    1111   1  1 1111   11 11      11      1                    11 11    1      1                                                         
         11                  11             11    1111    1   1111            11      11       11111111      111      1     11                   111111111111111                      
        211111111    1111    11                   111 1         111111111  111        11        11111 11    11 11      1     1               11111        11111111111                 
       22222222211111        1                         11    11             11111111111111        111111   11   11           11           111                      111111             
       2222222222221    111111          111 1111111111111111                              11       11111                      1        111                             1111           
           222222221111112222221111111122222222222222222221                       1        11   11 11111                    111     111                                 1111         
                     2222 222222222222222222222222222222211                         1111      11  11 111111   11   11    1   111    11                                     111        
                                                        11                             11111    11   111111    11 11    1    11    11                                        11       
                                                        1                              1111111        11111     111    1    111   11                      11     11           11      
                                          1111111 1111 11                       11     11111    1   1  1111    11 11        11    1                        11   11             11     
                                        111                     11                1      1111    1111  1111   11   11      11    1        111111111         11 11               11    
                                       11                       11                      111111                            11     1         1111111111        111                 11   
                                       2111111111111  11111     1                             11    111111111111        11       1           11111  11      11 11         1       11   
                                      2222222222222111         11                               11                 1111111111111111           111111111    11   11       11       11  
                                       22222222222221      11111                  1111111111111                                     111         1111111   11     11        11     11  
                                            2222222221111112222221111111111111111122222222221                                         11     11  111111                           11  
                                                  222222222222222222222222222222222222222221                               111          11    11 1111111                          111 
                                                          222222222222222222222222222222211                                   1111        11   11 11111111    11     11    1      111 
                                                                                         11                                      11111      11     1111111     11   11     1      11 
                                                                                         1                                        1111111           1111111     11 11     1       111 
                                                                                         1                            11        1111111  1          111111       111             11 
                                                                      111111111111111111111        1                    111       11111     111  11  11111      11 11           111 
                                                                    111                            11                     11       11111     11111   11  1     11   11         111 
                                                                   11                               1                      1       111111             111111  11     11       111  
                                                                   211111111111         111111     11                              111   11                                 111    
                                                                  2222222222222111111111           11                                      11                             1112     
                                                                   22222222222222222221            11                                       1111                        11122222222 
                                                                     22222222222222221      11111111 11                      11111111111111    111111               11122222222222 
                                                                      222222222222222111111122222222222111111111111111111111122222222222222222222222211111111111111122222222222222 
                                                                        22222222222222222222222222222222222222222222222222222222222222222222222222222222222222222222222222222222   
                                                                              2222222222222222222222222222222222222222222222222222222222222222222222222222222222222222222          
                                                                                           22222222222222222222222222222222222222222222222222222222222222222                        